48
65
6c
6c
6f
20
57
6f
72
6c
64
21
20
20
20
20
20
20
20
20
20
20
20
20
20
20
20
20
20
20
20
20
20
20
20
20
20
20
20
20
54
68
69
73
20
69
73
20
73
6f
6d
65
20
74
65
78
74
21
20
20
20
20
20
20
20
20
20
20
20
20
20
20
20
20
20
20
20
20
20
20
2d
2d
2d
2d
2d
2d
2d
2d
2d
2d
2d
2d
2d
2d
2d
2d
2d
2d
2d
2d
2d
2d
2d
2d
2d
2d
2d
2d
2d
2d
2d
2d
2d
2d
2d
2d
2d
2d
2d
2d
20
23
23
20
20
20
23
23
20
20
20
20
23
23
20
23
23
20
20
20
20
23
23
20
20
20
23
23
20
20
20
23
23
23
23
20
20
20
20
20
23
20
20
20
20
23
20
20
23
20
20
23
20
20
23
20
20
23
20
20
23
20
20
23
20
20
20
23
20
20
20
23
20
20
20
20
20
20
20
20
23
20
20
20
20
23
20
20
23
20
20
23
20
20
23
20
20
23
20
20
23
20
20
23
20
20
20
23
20
20
20
23
23
23
23
20
20
20
20
20
20
23
23
20
20
20
23
23
20
20
20
23
20
20
23
20
20
23
20
20
23
23
23
20
20
20
20
23
20
20
20
23
20
20
23
20
20
20
20
20
20
20
20
20
20
20
20
20
20
20
20
20
20
20
20
20
20
20
20
20
23
20
20
20
20
20
20
23
20
20
20
23
23
23
23
20
20
20
20
20
20
20
20
20
20
20
20
20
20
20
20
20
20
20
20
20
20
20
20
20
23
20
20
20
20
20
20
20
20
20
20
20
20
20
20
20
20
20
20
20
2d
2d
2d
2d
2d
2d
2d
2d
2d
2d
2d
2d
2d
2d
2d
2d
2d
2d
2d
2d
2d
2d
2d
2d
2d
2d
2d
2d
2d
2d
2d
2d
2d
2d
2d
2d
2d
2d
2d
2d
43
6f
6d
70
31
36
20
20
20
20
20
20
20
20
20
20
20
20
20
20
20
20
20
20
20
20
20
20
20
20
20
20
20
20
20
20
20
20
20
20
31
36
20
62
69
74
2c
20
31
32
38
20
6b
42
20
52
41
4d
2c
20
35
30
20
4d
48
7a
2c
20
52
49
53
43
2d
69
73
68
2c
20
33
32
30
20
78
20
32
30
30
20
67
72
61
70
68
69
78
73
2c
20
34
30
20
78
20
32
35
20
74
65
78
74
2c
20
56
47
41
2c
20
61
6e
64
20
53
65
72
69
61
6c
20
49
6e
74
65
72
66
61
63
65
20
20
20
20
20
20
20
20
20
20
20
20
20
20
20
20
20
20
20
20
20
20
20
2d
2d
2d
2d
2d
2d
2d
2d
2d
2d
2d
2d
2d
2d
2d
2d
2d
2d
2d
2d
2d
2d
2d
2d
2d
2d
2d
2d
2d
2d
2d
2d
2d
2d
2d
2d
2d
2d
2d
2d
45
64
77
61
72
64
20
57
61
77
72
7a
79
6e
65
6b
20
20
20
20
20
20
20
20
20
20
20
20
20
20
20
20
20
20
20
20
20
20
20
20
54
65
78
74
20
54
65
73
74
20
53
63
72
65
65
6e
20
2d
20
54
65
78
74
20
52
41
4d
20
6e
6f
74
20
63
6f
6e
6e
65
63
74
65
64
20
74
6f
20
70
72
6f
63
65
73
73
6f
72
20
20
20
20
20
20
20
20
20
20
20
20
20
20
20
20
20
20
20
20
20
20
20
20
20
20
20
20
20
20
20
20
20
20
20
20
20
20
20
20
20
20
20
20
20
20
20
20
20
20
20
20
20
20
20
20
20
20
20
20
20
20
20
20
20
20
20
20
20
20
20
20
20
20
20
20
20
20
20
20
20
20
20
20
20
20
20
20
20
20
20
20
20
20
20
20
20
20
20
20
20
20
20
20
20
20
20
20
20
20
20
20
20
20
20
20
20
20
20
20
20
20
20
20
20
20
20
20
20
20
20
20
20
20
20
20
20
20
20
20
20
20
20
20
20
20
3d
3d
3d
3d
3d
3d
3d
3d
3d
3d
3d
3d
3d
3d
3d
3d
3d
3d
3d
3d
3d
3d
3d
3d
3d
3d
3d
3d
3d
3d
3d
3d
3d
3d
3d
3d
3d
3d
3d
3d
20
20
20
20
20
20
20
20
20
20
20
20
20
20
20
20
20
20
20
20
20
20
20
20
20
20
20
20
20
20
20
20
20
20
20
20
20
20
20
20
3d
3d
3d
3d
3d
3d
3d
3d
3d
3d
3d
3d
3d
3d
3d
3d
3d
3d
3d
3d
3d
3d
3d
3d
3d
3d
3d
3d
3d
3d
3d
3d
3d
3d
3d
3d
3d
3d
3d
3d
20
20
20
20
20
20
20
20
20
20
20
20
20
20
20
20
20
20
20
20
20
20
20
20
20
20
20
20
20
20
20
20
20
20
20
20
20
20
20
20
